10 1 16384 10344 0.63134765625
11 1 16384 6388 0.389892578125
12 1 16384 3638 0.2220458984375
13 1 16384 1923 0.11737060546875
14 1 16384 978 0.0596923828125
15 1 16383 529 0.0322895684551059
16 1 16384 265 0.01617431640625
17 1 16384 150 0.0091552734375
18 1 16384 141 0.00860595703125
19 1 16384 129 0.00787353515625
20 1 16384 153 0.00933837890625


10 2 16384 12398 0.7567138671875
11 2 16384 6590 0.4022216796875
12 2 16384 2532 0.154541015625
13 2 16384 780 0.047607421875
14 2 16384 246 0.0150146484375
15 2 16384 65 0.00396728515625
16 2 16384 23 0.00140380859375
17 2 16384 9 0.00054931640625
18 2 16384 8 0.00048828125
19 2 16382 7 0.00042729825418141864
20 2 16383 3 0.00018311664530305805


10 3 16384 13971 0.85272216796875
11 3 16384 7454 0.4549560546875
12 3 16384 2377 0.14508056640625
13 3 16384 548 0.033447265625
14 3 16384 75 0.00457763671875
15 3 16384 17 0.00103759765625
16 3 16384 7 0.00042724609375
17 3 16384 3 0.00018310546875
18 3 16384 6 0.0003662109375
19 3 16384 1 6.103515625e-05
20 3 16384 0 0.0


10 4 16384 15132 0.923583984375
11 4 16384 8765 0.53497314453125
12 4 16384 2587 0.15789794921875
13 4 16384 360 0.02197265625
14 4 16384 33 0.00201416015625
15 4 16384 8 0.00048828125
16 4 16384 0 0.0
17 4 16384 1 6.103515625e-05
18 4 16383 1 6.103888176768602e-05
19 4 16383 2 0.00012207776353537203
20 4 16384 3 0.00018310546875


10 5 16383 15634 0.9542818775560031
11 5 16384 10855 0.66253662109375
12 5 16384 3067 0.18719482421875
13 5 16384 349 0.02130126953125
14 5 16384 24 0.00146484375
15 5 16383 1 6.103888176768602e-05
16 5 16384 3 0.00018310546875
17 5 16384 4 0.000244140625
18 5 16384 2 0.0001220703125
19 5 16383 1 6.103888176768602e-05
20 5 16383 4 0.00024415552707074406


10 6 16384 16264 0.99267578125
11 6 16384 11946 0.7291259765625
12 6 16383 3789 0.23127632301776233
13 6 16384 368 0.0224609375
14 6 16384 13 0.00079345703125
15 6 16384 3 0.00018310546875
16 6 16384 2 0.0001220703125
17 6 16384 1 6.103515625e-05
18 6 16384 3 0.00018310546875
19 6 16384 2 0.0001220703125
20 6 16384 2 0.0001220703125


10 7 16383 16383 1.0
11 7 16384 14179 0.86541748046875
12 7 16384 4274 0.2608642578125
13 7 16384 409 0.02496337890625
14 7 16384 10 0.0006103515625
15 7 16384 3 0.00018310546875
16 7 16384 1 6.103515625e-05
17 7 16384 1 6.103515625e-05
18 7 16384 3 0.00018310546875
19 7 16384 4 0.000244140625
20 7 16384 2 0.0001220703125


10 8 16384 16384 1.0
11 8 16384 13440 0.8203125
12 8 16384 4980 0.303955078125
13 8 16384 407 0.02484130859375
14 8 16384 10 0.0006103515625
15 8 16384 2 0.0001220703125
16 8 16384 1 6.103515625e-05
17 8 16384 2 0.0001220703125
18 8 16384 2 0.0001220703125
19 8 16384 4 0.000244140625
20 8 16384 2 0.0001220703125


